# Created by Octave 4.0.0, Mon Sep 26 17:12:19 2016 PDT <markham@think-heart>
# name: x
# type: global matrix
# rows: 3
# columns: 20
 1 1 1 1 1 1 1 1 1 1 1 1 1 1 1 1 1 1 1 1
 31.7803786638498 -33.9340561677585 29.34961142570717 6.127644695543857 0.8777091272161641 20.72689207130408 30.3891975985776 14.55824592798743 5.667202385742861 -3.522685402943289 -4.203230732067404 38.64455708892235 6.182710563904962 10.45976348647404 -17.40335931507027 20.25053542054602 28.66314857904595 26.51631256477647 4.10595127957977 -47.89306201284874
 15.27458178819163 -48.34384774226096 44.61931202000476 32.18809152388683 35.33183662787117 18.09401268343727 48.71862469468454 -14.78243307766531 -36.92893291736024 3.849512767538435 -49.64978989213711 20.41663032426413 29.01425596106917 3.714300700144278 43.7798005926479 32.69398841405771 -15.96792736028473 39.91753813433017 1.393427152790025 44.017720532368


# name: y
# type: global matrix
# rows: 1
# columns: 20
 1 -1 1 1 1 1 1 1 1 -1 -1 1 1 1 -1 1 1 1 1 -1


# name: w
# type: global matrix
# rows: 3
# columns: 1
 10
 381.2562545098666
 260.0439104112651


# name: m
# type: global scalar
-28.30289015383188


# name: b
# type: global scalar
4.579863845402642


# name: iterations
# type: scalar
20


